25620570;0.000000;0.000000;0.000000
25620653;-2.444442;-67.013520;12.000000
25620737;14.555541;553.685251;6.000000
25620743;-81.888807;561.376612;9.000000
25620747;-121.333212;565.771480;9.000000
25620759;12.999987;460.305811;10.000000
25620947;18.666648;639.374573;11.000000
25620960;21.888867;769.007159;5.000000
25632376;-208.333125;125.238995;9.000000
25632399;-514.332819;206.535985;11.000000
25632400;-474.221748;303.212115;6.000000
25632401;-345.221877;274.647812;8.000000
25632402;-288.555267;310.900904;9.000000
25632403;-277.888611;368.027479;11.000000
25632404;-279.777498;414.168256;6.000000
25632417;-393.666273;199.943838;10.000000
25632419;-226.110885;229.604921;11.000000
25632421;-200.777577;349.350817;7.000000
25632422;-174.222048;416.364390;10.000000
129533454;-421.666245;101.070579;5.000000
129544876;166.999833;781.088860;11.000000
129545993;-279.999720;165.887021;5.000000
129545994;-274.333059;155.999694;9.000000
129553667;-578.999421;654.764024;6.000000
129559333;-125.222097;856.896690;10.000000
137868887;-48.999951;915.120062;8.000000
137873037;-31.333302;888.753685;11.000000
138230335;-178.110933;1039.263191;9.000000
138234852;-373.888515;615.211519;5.000000
138235495;-296.110815;598.731531;9.000000
286968481;-286.666380;520.731527;9.000000
286968787;-399.666267;572.366782;7.000000
286968789;-301.888587;536.111977;6.000000
286969224;-90.999909;406.476304;5.000000
452682249;-219.777558;80.196922;4.000000
452682265;-261.888627;143.915168;7.000000
475406849;-85.666581;353.744198;4.000000
475406851;-100.666566;354.842909;6.000000
475406852;-176.555379;353.744963;15.000000
475406853;-200.222022;366.928212;4.000000
475408774;-239.555316;466.900107;7.000000
475410116;-434.221788;627.296931;9.000000
475410118;-491.555064;536.114395;12.000000
475410511;-431.555124;518.536134;7.000000
475876236;-93.222129;934.895549;9.000000
747467615;-96.666570;275.744773;10.000000
747478280;-102.333231;322.983961;4.000000
747478309;-90.333243;341.659807;7.000000
958308578;-132.444312;223.012895;6.000000
958309720;-186.110925;295.519928;11.000000
1105966159;-126.777651;292.223754;6.000000
1106006327;8.999991;298.814302;8.000000
1110698263;-226.110885;108.760226;7.000000
1209790922;-291.444153;306.506566;6.000000
1277364250;-278.777499;630.590380;3.000000
1278184331;-295.666371;421.858542;6.000000
1278184344;-262.333071;425.153975;10.000000
1278184346;-281.110830;422.956986;7.000000
1278184350;-547.888341;489.974058;10.000000
1386051849;29.888859;544.896398;7.000000
1390263661;-281.333052;921.716657;4.000000
1390263684;-363.444081;874.479013;10.000000
1390263696;-149.999850;856.897195;11.000000
1390263738;-418.777359;801.973014;10.000000
1390263750;-351.332982;781.098491;10.000000
1390263755;-219.110892;778.898859;8.000000
1390263758;-320.888568;772.309201;9.000000
1554874616;-551.332782;887.666079;2.000000
1556436651;-550.999449;761.327460;10.000000
1676280555;-89.444355;392.194690;5.000000
1676280580;-186.777591;282.336887;12.000000
1676280584;-233.333100;244.985197;7.000000
1676280585;-125.777652;238.393057;15.000000
1676280588;-239.666427;121.943322;10.000000
1684844136;-192.666474;739.349228;6.000000
1684844554;-271.555284;497.660964;5.000000
1684844596;-251.777526;476.787542;5.000000
1684844700;-321.333012;425.154572;8.000000
1684844771;-172.222050;410.871436;7.000000
1684844785;-96.333237;400.983432;12.000000
1684844794;-182.110929;371.322402;6.000000
1684844797;-186.110925;370.223850;8.000000
1684844798;-102.666564;361.434436;12.000000
1684844801;-185.555370;360.336561;11.000000
1684844803;-97.666569;360.335808;2.000000
1684844808;-112.222110;347.152911;3.000000
1684844811;-58.111053;343.856713;4.000000
1684844816;-65.999934;335.068106;12.000000
1684844825;-129.666537;274.646404;9.000000
1788785406;-435.999564;625.099770;7.000000
1788785841;-228.555327;237.295051;11.000000
2076734382;-291.444153;967.857652;8.000000
2107054816;-193.333140;575.659735;12.000000
2202026123;-612.999387;664.651937;8.000000
2202026124;-571.777206;653.665314;9.000000
2204099858;-122.333211;761.319699;5.000000
2204099885;-289.999710;520.731568;4.000000
2204099938;-537.443907;317.494322;9.000000
2204099942;-280.110831;686.618467;5.000000
2204099947;-424.666242;529.521982;14.000000
2204099951;-270.777507;689.914083;7.000000
2204099972;-378.555177;527.324217;7.000000
2204099989;-246.888642;478.984664;8.000000
2204099999;-326.999673;681.126279;8.000000
2204100002;-400.999599;521.831535;10.000000
2204100011;-156.888732;759.123152;9.000000
2204100014;-423.444021;454.817623;4.000000
2204100028;-287.888601;466.900644;5.000000
2204179817;-430.444014;661.353272;11.000000
2204179820;-424.110687;671.240512;5.000000
2204179963;-431.888457;665.747669;11.000000
2204210203;-278.221944;888.758904;6.000000
2204446886;-111.666555;905.234160;2.000000
2204446938;-115.555440;897.544147;6.000000
2206208144;-89.111022;956.867149;9.000000
2206208148;-69.888819;987.627065;5.000000
2206233230;-170.666496;1015.094099;9.000000
2208159169;-97.111014;879.966397;6.000000
2208650606;-225.666441;778.898981;6.000000
2208650607;-299.888589;770.111635;8.000000
2208686190;-196.666470;756.926696;11.000000
2208686199;-200.999799;756.926774;10.000000
2208686206;-192.222030;755.828029;5.000000
2208686217;-154.777623;761.320287;5.000000
2208686218;-139.222083;776.700207;9.000000
2208686220;-129.777648;770.108519;6.000000
2208891025;-550.555005;758.031663;2.000000
2208891030;-511.999488;819.552322;8.000000
2208891038;-551.555004;773.412034;8.000000
2208891039;-550.221672;777.806395;7.000000
2208891042;-552.110559;769.017657;5.000000
2208891049;-514.666152;834.932713;7.000000
2208891057;-551.888337;765.721863;11.000000
2208891059;-545.443899;751.439992;2.000000
2208891067;-547.332786;781.102132;5.000000
2208891083;-511.555044;829.439673;5.000000
2208891126;-520.666146;807.467936;6.000000
2208891134;-554.888334;904.145105;11.000000
2208891144;-527.999472;801.975097;5.000000
2208891162;-514.888374;814.059399;5.000000
2208891198;-510.777267;823.946680;11.000000
2208969603;-17.999982;868.978914;9.000000
2209225419;46.999953;771.203862;11.000000
2209225425;24.222198;811.851798;14.000000
2209225431;24.999975;803.063131;6.000000
2209225441;25.222197;796.471637;7.000000
2209225443;1.777776;838.218204;7.000000
2209225447;13.222209;767.908736;3.000000
2214758559;151.333182;781.089152;2.000000
2242804359;-272.110839;153.802507;10.000000
2242805402;-197.110914;262.562384;11.000000
2242805783;-178.333155;373.519542;9.000000
2242805785;-103.222119;363.631610;10.000000
2243071720;-548.332785;755.834429;7.000000
2243316041;-452.666214;683.325502;10.000000
2243316074;-471.666195;687.720189;8.000000
2243316090;-441.332892;674.536568;9.000000
2243746971;-341.332992;670.140600;10.000000
2243746973;-331.444113;681.126351;14.000000
2243746975;-334.555221;678.929219;2.000000
2245353947;-269.999730;654.759213;8.000000
2245520803;-94.666572;694.305532;14.000000
2245520806;-61.777716;762.417187;8.000000
2245520808;-82.888806;743.741635;7.000000
2245520814;-56.888832;691.009156;8.000000
2245520831;-87.666579;683.319571;9.000000
2245520840;-62.555493;684.417746;8.000000
2245520859;-74.666592;680.023607;8.000000
2245520867;-67.999932;681.122083;8.000000
2245520886;-81.666585;680.023720;14.000000
2245520901;-47.888841;739.346682;6.000000
2245520905;-91.888797;686.615393;4.000000
2245520913;-37.111074;763.515322;5.000000
2245786927;-102.777675;654.756609;9.000000
2245786929;-95.888793;661.348010;10.000000
2245786936;-72.222150;663.544806;8.000000
2245786939;-68.111043;659.150405;9.000000
2245786941;-64.333269;650.361674;7.000000
2245786942;-163.888725;437.237431;7.000000
2245786950;-77.888811;665.742064;8.000000
2245786951;-134.666532;516.335301;8.000000
2245786953;-92.111019;427.349423;6.000000
2245786960;-84.444360;665.742167;9.000000
2245786961;-90.888798;664.643685;6.000000
2245786974;-88.888800;507.546062;10.000000
2246054719;14.444430;528.417870;6.000000
2246086928;14.666652;520.727794;10.000000
2261413154;-85.777692;359.237122;10.000000
2261413157;-197.666469;375.716888;7.000000
2270441288;-68.444376;962.359598;5.000000
2270441289;-69.888819;961.261047;12.000000
2270441290;-87.888801;959.064290;8.000000
2270441291;-67.777710;963.458167;4.000000
2270441292;-66.555489;978.838315;10.000000
2270441293;-84.666582;959.064216;6.000000
2293611903;-474.221748;564.677634;11.000000
2319991795;-139.777638;856.896987;3.000000
2319991800;-143.222079;852.502713;4.000000
2319991804;-148.444296;795.376342;6.000000
2326546548;-14.999985;864.584522;10.000000
2326546549;-33.666633;857.993407;4.000000
2335399819;-872.999127;717.389087;13.000000
2335416031;-456.777321;597.635225;7.000000
2335762665;-316.666350;545.999480;11.000000
2337036559;-367.332966;613.014239;8.000000
2337036560;-315.221907;606.421937;4.000000
2337036563;-351.888537;613.014014;7.000000
2343359235;-154.888734;458.110477;10.000000
2343359244;-146.222076;481.180689;7.000000
2352603829;-461.777316;464.705386;12.000000
2352603831;-437.444007;488.874178;9.000000
2352603833;-434.332899;485.578361;3.000000
2352603847;-427.555128;476.789535;11.000000
2352607507;-425.777352;458.113428;6.000000
2352867945;-334.777443;522.929304;3.000000
2352867947;-349.999650;529.521042;10.000000
2352867950;-322.221900;492.168610;5.000000
2352867951;-329.110782;518.534871;11.000000
2352867953;-366.666300;532.817027;10.000000
2354158012;-117.110994;672.334196;7.000000
2354378407;-70.555485;559.179292;3.000000
2356731134;-130.222092;886.558604;6.000000
2356731137;-121.999878;876.671162;9.000000
2364998422;-75.999924;329.575264;13.000000
2365172845;-82.333251;343.856911;5.000000
2365172868;-80.111031;350.448399;6.000000
2365186271;-91.444353;359.237170;5.000000
2365191001;-83.777694;349.349845;12.000000
2365191003;-82.111029;350.448415;9.000000
2365191005;-87.888801;347.152710;4.000000
2365191010;-85.111026;349.349856;7.000000
2365191012;-84.222138;347.152680;7.000000
2365195076;-185.888703;364.730912;11.000000
2365195081;-97.555458;407.574952;15.000000
2365195083;-102.555453;350.448586;7.000000
2365195087;-96.333237;404.279186;13.000000
2365195091;-100.555455;360.335833;9.000000
2365195094;-182.333151;355.942186;15.000000
2365195098;-88.999911;358.138564;7.000000
2365195102;-96.666570;405.377774;11.000000
2365195104;-87.222135;357.039965;9.000000
2365195106;-107.111004;348.251454;14.000000
2365622607;-244.221978;327.379406;10.000000
2365622614;-228.221994;303.210341;8.000000
2365622626;-251.444193;308.703452;5.000000
2365622629;-250.777527;305.407681;7.000000
2365622638;-229.221993;301.013172;8.000000
2365622672;-241.110870;328.477970;7.000000
2365622678;-249.110862;303.210492;8.000000
2365622708;-228.999771;291.125876;3.000000
2365622712;-252.110859;311.999224;6.000000
2365622716;-243.444201;298.816096;14.000000
2365622719;-247.444197;324.083665;8.000000
2365622739;-228.221994;305.407517;11.000000
2365622750;-279.333054;316.393784;7.000000
2365622756;-233.333100;295.520259;5.000000
2365622764;-232.999767;297.717434;9.000000
2365622770;-234.221988;297.717442;8.000000
2365622781;-233.333100;311.999084;8.000000
2365622784;-246.666420;301.013297;8.000000
2365622790;-230.777547;291.125888;6.000000
2365622793;-236.221986;329.576520;10.000000
2365622802;-232.999767;294.421669;10.000000
2365622809;-231.555324;298.816012;5.000000
2365622818;-231.221991;310.900480;12.000000
2365622826;-232.221990;292.224487;6.000000
2365622831;-236.110875;311.999105;7.000000
2365622834;-229.666437;308.703292;9.000000
2365622840;-237.666429;297.717467;6.000000
2365622846;-249.333084;322.985091;13.000000
2365622849;-240.333093;297.717486;3.000000
2365622854;-250.555305;319.689334;10.000000
2365622860;-251.444193;316.393574;8.000000
2366079031;-179.333154;372.420964;8.000000
2366079032;-168.777609;414.167163;11.000000
2366079039;-166.666500;415.265728;9.000000
2366079045;-193.333140;370.223913;6.000000
2366079047;-171.222051;413.068600;7.000000
2366079049;-170.110941;414.167176;5.000000
2366079051;-196.888692;369.125357;7.000000
2366079052;-201.222021;358.139520;6.000000
2366083036;-287.555268;307.605128;5.000000
2366083037;-282.333051;303.210731;8.000000
2366098060;-277.888611;396.590806;12.000000
2366098499;-309.666357;422.957273;7.000000
2366154008;-277.110834;389.999262;10.000000
2366154009;-271.888617;394.393570;6.000000
2366154010;-275.999724;392.196430;14.000000
2366154016;-277.777500;386.703499;11.000000
2366154017;-274.221948;393.295003;5.000000
2366154037;-266.221956;394.393517;6.000000
2366154047;-280.444164;348.252889;5.000000
2367470972;-465.999534;455.916678;11.000000
2375816260;-285.666381;305.407935;8.000000
2378186481;87.111024;317.489606;9.000000
2399723033;-151.888737;801.967924;8.000000
2464461320;-277.110834;258.168525;13.000000
2473711658;-477.999522;558.086116;5.000000
2681412868;23.111088;772.302881;5.000000
2721972082;-173.666493;855.799091;10.000000
2721972084;-238.666428;782.194987;11.000000
2721972096;-214.888674;862.391457;14.000000
2721972098;-270.110841;868.984125;11.000000
2740798807;-415.444029;526.226087;13.000000
2893310955;-127.888761;261.463366;7.000000
2893310956;-112.333221;271.350535;5.000000
2893310957;-120.888768;268.054834;9.000000
2893310958;-117.222105;270.251982;7.000000
2893310959;-124.222098;265.857685;8.000000
2893389981;9.555546;350.447651;10.000000
2896384667;-126.110985;247.181743;6.000000
2896384668;-107.444337;248.280218;6.000000
2896384685;-145.333188;206.534173;12.000000
2896384686;-133.666533;201.041187;10.000000
2896407785;-178.333155;293.322699;11.000000
2896411045;-128.888760;285.632255;11.000000
2896411046;-137.110974;290.026654;9.000000
2896411047;-174.999825;294.421263;9.000000
2896411049;-164.777613;295.519778;10.000000
2896411050;-185.110926;292.224159;7.000000
2896411051;-146.555409;293.322477;8.000000
2904248177;-260.444184;216.422040;7.000000
2904248178;-257.777520;219.717793;7.000000
2904248179;-278.777499;201.041881;14.000000
2904248180;-280.221942;202.140477;10.000000
2904248181;-256.444188;223.013553;7.000000
2904248183;-262.666404;224.112175;8.000000
2904248185;-256.666410;220.816376;8.000000
2904248187;-285.999714;204.337684;7.000000
2904248189;-275.888613;249.379802;7.000000
2904248190;-275.444169;201.041865;7.000000
2904248192;-269.666397;248.281176;10.000000
2904248195;-273.999726;201.041858;5.000000
2904248196;-261.444183;221.914990;12.000000
2904250601;-276.999723;199.943283;13.000000
2904250602;-257.555298;226.309325;2.000000
2904250603;-260.666406;219.717808;8.000000
2904498647;-275.888613;174.675720;3.000000
2904498649;-293.888595;195.549004;5.000000
2904530067;-242.110869;250.478190;0.000000
2904530087;-190.555365;271.351040;9.000000
2904532298;-127.999872;229.604385;5.000000
2904549004;-272.999727;177.971477;10.000000
2904549005;-271.888617;171.379936;10.000000
2904549006;-272.777505;173.577118;6.000000
2904549007;-248.333085;152.703832;6.000000
2904549008;-175.110936;181.266823;11.000000
2904549009;-267.666399;164.788383;9.000000
2904549010;-167.999832;177.971032;7.000000
2912153175;-233.110878;116.450362;4.000000
2912153177;-222.444222;99.971512;12.000000
2912188486;-438.221784;42.845153;7.000000
2912188490;-432.888456;45.042335;8.000000
2912188492;-435.332898;42.845151;11.000000
2912188495;-443.888445;42.845159;4.000000
2912188496;-430.555125;51.633893;9.000000
2925076564;-456.888432;170.282096;6.000000
2925076566;-458.666208;170.282103;7.000000
2925076569;-456.221766;162.591934;9.000000
2925076574;-458.332875;159.296160;4.000000
2925076575;-454.443990;166.986303;13.000000
2925076587;-468.888420;173.577928;12.000000
2925076588;-454.777323;164.789117;8.000000
2925076608;-455.332878;169.183495;11.000000
2925471785;-438.332895;637.184335;10.000000
2927034198;-278.666388;935.998262;6.000000
2927035102;-280.666386;892.054724;8.000000
2927035103;-282.444162;901.942068;4.000000
2927035105;-279.221943;889.857515;8.000000
2927035109;-276.333057;941.491158;6.000000
2927035131;-281.777496;894.251927;7.000000
2927055762;-226.333107;782.194757;8.000000
2927055765;-446.332887;801.973540;14.000000
2927055770;-265.666401;773.406776;5.000000
2927055777;-287.777490;770.111413;6.000000
2927055779;-223.221999;781.096111;1.000000
2927055780;-308.555247;770.111794;7.000000
2927055788;-395.999604;788.789469;8.000000
2927055789;-372.888516;786.591851;7.000000
2934456326;-289.221933;589.942715;3.000000
2937870609;-387.110724;214.225507;7.000000
2937870610;-424.666242;87.887466;7.000000
2937936475;-282.221940;429.548535;9.000000
3092601790;-124.222098;867.882525;7.000000
3092601795;-132.444312;790.981696;11.000000
3092601796;-110.555445;872.276583;7.000000
3092618005;-369.444075;621.803005;6.000000
3092618006;-367.666299;616.310019;7.000000
3130311623;-125.888763;845.910849;8.000000
3130311626;-83.888805;545.996457;11.000000
3130311627;-97.777680;329.575435;12.000000
3130311628;-213.222009;243.886492;8.000000
3130312329;-130.110981;280.139335;10.000000
3130312331;-119.333214;576.757307;7.000000
3130312332;-154.333179;414.167020;6.000000
3130312334;-70.333263;404.278936;5.000000
3130312335;-25.555530;764.613695;14.000000
3130312336;-109.777668;408.673656;3.000000
3130312338;-193.222029;420.758927;10.000000
3130312339;-98.777679;675.629658;13.000000
3130312340;-197.999802;339.463507;8.000000
3130312343;-60.222162;671.234703;11.000000
3130312344;160.333173;782.187562;8.000000
3130312345;-210.555345;419.660513;8.000000
3130312346;24.666642;777.795761;11.000000
3130312347;-133.888755;783.291623;9.000000
3387597799;-276.666390;943.688344;7.000000
3387597811;-120.666546;881.065476;6.000000
3387597859;-134.555421;288.928051;11.000000
3388020769;21.111090;764.612847;5.000000
3388020773;20.888868;758.021360;6.000000
3388020783;-198.666468;684.419962;6.000000
3392711352;-118.999881;248.280286;8.000000
3392711353;-139.555416;204.336973;7.000000
3392939433;-525.777252;803.073651;9.000000
3392939435;-439.555116;633.888572;5.000000
3392939436;-441.221781;628.395629;8.000000
3392939437;-345.888543;611.915335;7.000000
3392939452;-420.666246;528.423339;10.000000
3392939453;-289.999710;527.323107;8.000000
3392939454;-289.999710;524.027337;10.000000
3392939455;-446.555109;493.268659;4.000000
3392939456;-439.999560;489.972801;14.000000
3392939458;-425.555130;457.014832;6.000000
3392939459;-425.332908;454.817643;6.000000
3392939460;-395.999604;446.028585;10.000000
3392939461;-281.555274;426.252759;9.000000
3392939462;-280.777497;420.759803;8.000000
3392939463;-280.110831;416.365438;3.000000
3392939470;-287.110824;317.492432;9.000000
3392939471;-282.666384;317.492398;11.000000
3392939472;-286.110825;306.506527;6.000000
3392939473;-276.110835;301.013507;10.000000
3392939476;-216.444228;271.351207;4.000000
3392939478;-202.555353;264.759593;8.000000
3392939480;-263.999736;254.872677;10.000000
3392939481;-276.555279;253.774164;7.000000
3392939482;-272.888616;252.675553;13.000000
3392939483;-276.221946;251.576983;6.000000
3392939484;-271.221951;250.478364;9.000000
3392939485;-389.666277;208.732558;10.000000
3392939488;-284.555271;184.563063;5.000000
3392939489;-172.999827;180.168227;12.000000
3392939490;-279.444165;179.070093;13.000000
3392939491;-271.110840;170.281343;9.000000
3397147923;-171.888717;1019.488476;7.000000
3400530627;-81.888807;748.135954;5.000000
3457211714;4.777773;834.922398;9.000000
3457211715;33.777744;770.105523;8.000000
3554720399;-61.666605;906.331667;6.000000
3554720401;-143.444301;848.108374;10.000000
3554720402;-144.999855;838.221131;9.000000
3554720409;-143.999856;832.728181;10.000000
3554720414;-148.222074;801.967854;11.000000
3554720418;-150.333183;798.672136;12.000000
3554720424;-42.777735;763.515425;9.000000
3554720425;-78.888810;762.417497;10.000000
3554720428;-88.999911;718.474298;11.000000
3554720432;-252.888636;701.998266;9.000000
3554720440;-98.111013;678.925401;8.000000
3554720444;-202.777575;580.054214;5.000000
3554720445;-201.777576;578.955613;10.000000
3554720446;-180.110931;576.758141;6.000000
3554720447;-200.999799;576.758427;6.000000
3554720448;-182.777595;574.561003;7.000000
3554720449;-185.110926;573.462448;7.000000
3690635855;-355.332978;260.366189;6.000000
3690885655;-497.555058;605.325971;0.000000
3690885656;-453.332880;597.635176;15.000000
3690885657;-496.443948;608.621740;15.000000
3690885658;-462.888426;602.029689;6.000000
3690887009;-481.777296;559.184761;12.000000
3690910080;-498.332835;532.818695;9.000000
3690910082;-494.777283;530.621460;4.000000
3692670689;-426.221796;469.099367;5.000000
3694518900;-286.444158;320.788196;9.000000
3694518901;-293.777484;320.788252;5.000000
3891282119;-17.333316;863.485987;5.000000
3891282121;-18.333315;863.486008;12.000000
3891282147;-147.222075;833.826831;9.000000
3891282331;-597.666069;659.158706;6.000000
3891282335;-436.555119;624.001184;5.000000
3891282336;-438.888450;619.606844;12.000000
3891282347;-499.221723;524.029945;2.000000
3978884718;-239.666427;692.110749;8.000000
3992982895;-299.999700;684.421612;5.000000
3992982896;-301.221921;695.407533;11.000000
3992990333;-189.666477;753.630808;5.000000
3992990334;-183.888705;744.842009;9.000000
3992990337;-188.110923;752.532193;9.000000
3993021523;-407.666259;706.395222;13.000000
3993021524;-406.777371;677.831793;9.000000
3993117787;-255.888633;686.618072;4.000000
3993117788;-257.555298;698.702577;9.000000
3993117789;-255.888633;689.913838;12.000000
3993126224;-287.999712;596.534236;7.000000
3993126454;-452.888436;631.691585;8.000000
3993126557;-366.444078;626.197328;6.000000
4025482697;-235.666431;776.701989;8.000000
4025528390;-148.999851;765.714527;11.000000
4025528392;-141.888747;773.404499;7.000000
4025528393;-159.777618;774.503414;7.000000
4025528394;-145.444299;769.010220;3.000000
4025528395;-151.999848;762.418823;6.000000
4027074709;-493.999506;829.439327;6.000000
4027091849;-127.666539;765.714138;5.000000
4097873925;-216.444228;778.898810;7.000000
4097873927;-250.555305;703.096816;10.000000
4097873928;-246.888642;698.702400;10.000000
4097873929;-256.555299;698.702561;7.000000
4097873935;-402.666264;683.324690;13.000000
4097873936;-406.888482;681.127573;9.000000
4097873944;-294.555261;603.125869;2.000000
4097873947;-285.777492;608.618691;11.000000
4097873948;-289.110822;593.238483;5.000000
4097873954;-297.110814;543.802046;3.000000
4356494327;-482.888406;305.409367;12.000000
4356494329;-523.110588;314.198426;9.000000
4356494331;-530.888358;330.677426;9.000000
4488753662;-386.666280;570.169420;8.000000
4526972109;-77.555478;680.023654;11.000000
4526972112;-80.555475;665.742106;8.000000
4526972116;-101.777676;563.574047;6.000000
4526972121;-379.999620;604.225686;7.000000
4529952466;-478.888410;292.226201;6.000000
4529952483;-474.221748;468.001307;8.000000
4529952486;-447.555108;460.310853;6.000000
4529953489;-458.443986;471.296915;3.000000
4529953492;-535.221687;486.678122;9.000000
4529953527;-852.999147;712.994328;7.000000
4529953533;-710.332623;684.428289;10.000000
4529953537;-567.554988;652.566652;2.000000
4529953538;-584.443860;656.961304;3.000000
4529953547;-204.110907;756.926830;9.000000
4529953552;-135.777642;761.319943;8.000000
4920992108;-276.221946;784.392864;6.000000
4921101771;-175.222047;855.799122;7.000000
4925189617;-512.888376;831.636891;6.000000
4925459193;-155.444289;967.854521;10.000000
4945762789;-115.110996;648.165289;11.000000
4945762790;-111.888777;663.545432;12.000000
5118553689;-99.999900;761.319295;10.000000
5118553691;-138.888750;761.319999;7.000000
5118553704;-150.110961;814.052338;11.000000
5118554430;-178.999821;775.602355;5.000000
5320177921;-118.888770;886.558365;11.000000
5476716943;-256.444188;693.209614;3.000000
5476716944;-263.333070;670.139357;6.000000
5476716947;-488.999511;826.143443;7.000000
5476716948;-503.888385;829.439522;8.000000
5476716949;-487.999512;825.044829;8.000000
5476716951;-287.444157;599.829997;7.000000
5476716952;-289.888599;530.618875;13.000000
5476716953;-294.999705;591.041386;11.000000
5476716954;-294.666372;600.928690;7.000000
5476716955;-294.888594;594.337154;2.000000
5476716957;-292.999707;536.111863;9.000000
5476716960;-290.777487;320.788229;10.000000
5476716964;-140.888748;675.630334;5.000000